<?xml version="1.0"?>
<opencv_storage>
<P type_id="opencv-matrix">
  <rows>4</rows>
  <cols>4</cols>
  <dt>f</dt>
  <data>
    -1.88956470e+03 3.32553735e+03 3.40510559e+02 11363893.
    -1.65266138e+03 -2.99040403e-04 -3.08128394e+03 11628703.
    -9.84147966e-01 -1.66041815e-07 1.77349269e-01 5.91869287e+03 0. 0.
    0. 1.</data></P>
<RT type_id="opencv-matrix">
  <rows>4</rows>
  <cols>4</cols>
  <dt>f</dt>
  <data>
    -1.69794077e-07 1. -5.98071948e-09 1.03943550e-03 -1.77349269e-01
    -3.59987666e-08 -9.84147966e-01 1.57463696e+03 -9.84147966e-01
    -1.66041815e-07 1.77349269e-01 5.91869287e+03 0. 0. 0. 1.</data></RT>
<IntrinsicCam type_id="opencv-matrix">
  <rows>3</rows>
  <cols>3</cols>
  <dt>f</dt>
  <data>
    3.32553760e+03 0. 1920. 0. 3.32553760e+03 1080. 0. 0. 1.</data></IntrinsicCam>
<DistortionCam type_id="opencv-matrix">
  <rows>1</rows>
  <cols>5</cols>
  <dt>d</dt>
  <data>
    0. 0. 0. 0. 0.</data></DistortionCam>
</opencv_storage>
