<?xml version="1.0"?>
<opencv_storage>
<P type_id="opencv-matrix">
  <rows>4</rows>
  <cols>4</cols>
  <dt>f</dt>
  <data>
    3.61449023e+03 -1.24764099e+03 3.52782379e+02 10930018.
    1.25504626e+03 1.10571973e+03 -3.07047925e+03 11378394.
    7.37559557e-01 6.49803996e-01 1.83740824e-01 5.69270703e+03 0. 0. 0.
    1.</data></P>
<RT type_id="opencv-matrix">
  <rows>4</rows>
  <cols>4</cols>
  <dt>f</dt>
  <data>
    6.61058724e-01 -7.50334203e-01 1.82412774e-09 5.86472126e-03
    1.37867019e-01 1.21463470e-01 -9.82974708e-01 1.57275940e+03
    7.37559557e-01 6.49803996e-01 1.83740824e-01 5.69270703e+03 0. 0. 0.
    1.</data></RT>
<IntrinsicCam type_id="opencv-matrix">
  <rows>3</rows>
  <cols>3</cols>
  <dt>f</dt>
  <data>
    3.32553760e+03 0. 1920. 0. 3.32553760e+03 1080. 0. 0. 1.</data></IntrinsicCam>
<DistortionCam type_id="opencv-matrix">
  <rows>1</rows>
  <cols>5</cols>
  <dt>d</dt>
  <data>
    0. 0. 0. 0. 0.</data></DistortionCam>
</opencv_storage>
