<?xml version="1.0"?>
<opencv_storage>
<P type_id="opencv-matrix">
  <rows>4</rows>
  <cols>4</cols>
  <dt>f</dt>
  <data>
    -7.23148560e+02 3.75585693e+03 3.40874878e+02 11350561.
    -1.56592505e+03 5.30219116e+02 -3.08096509e+03 11621032.
    -9.32129622e-01 3.15617234e-01 1.77538991e-01 5.91175928e+03 0. 0.
    0. 1.</data></P>
<RT type_id="opencv-matrix">
  <rows>4</rows>
  <cols>4</cols>
  <dt>f</dt>
  <data>
    3.20712149e-01 9.47176695e-01 -1.48945400e-09 -4.97884443e-03
    -1.68160796e-01 5.69389090e-02 -9.84113753e-01 1.57458191e+03
    -9.32129622e-01 3.15617234e-01 1.77538991e-01 5.91175928e+03 0. 0.
    0. 1.</data></RT>
<IntrinsicCam type_id="opencv-matrix">
  <rows>3</rows>
  <cols>3</cols>
  <dt>f</dt>
  <data>
    3.32553760e+03 0. 1920. 0. 3.32553760e+03 1080. 0. 0. 1.</data></IntrinsicCam>
<DistortionCam type_id="opencv-matrix">
  <rows>1</rows>
  <cols>5</cols>
  <dt>d</dt>
  <data>
    0. 0. 0. 0. 0.</data></DistortionCam>
</opencv_storage>
