<?xml version="1.0"?>
<opencv_storage>
<P type_id="opencv-matrix">
  <rows>4</rows>
  <cols>4</cols>
  <dt>f</dt>
  <data>
    -3.34003857e+03 1.88999304e+03 -1.32917419e+02 11306433.
    -7.29543884e+02 -4.30691620e+02 -3.39232520e+03 11667968.
    -8.59068573e-01 -5.07157445e-01 -6.92278221e-02 5.88876611e+03 0. 0.
    0. 1.</data></P>
<RT type_id="opencv-matrix">
  <rows>4</rows>
  <cols>4</cols>
  <dt>f</dt>
  <data>
    -5.08377075e-01 8.61134529e-01 -6.74295730e-10 6.61982747e-04
    5.96144721e-02 3.51938382e-02 -9.97600853e-01 1.59616296e+03
    -8.59068573e-01 -5.07157445e-01 -6.92278221e-02 5.88876611e+03 0. 0.
    0. 1.</data></RT>
<IntrinsicCam type_id="opencv-matrix">
  <rows>3</rows>
  <cols>3</cols>
  <dt>f</dt>
  <data>
    3.32553760e+03 0. 1920. 0. 3.32553760e+03 1080. 0. 0. 1.</data></IntrinsicCam>
<DistortionCam type_id="opencv-matrix">
  <rows>1</rows>
  <cols>5</cols>
  <dt>d</dt>
  <data>
    0. 0. 0. 0. 0.</data></DistortionCam>
</opencv_storage>
