<?xml version="1.0"?>
<opencv_storage>
<P type_id="opencv-matrix">
  <rows>4</rows>
  <cols>4</cols>
  <dt>f</dt>
  <data>
    -3.79401416e+03 5.77238770e+02 -1.33612930e+02 11249791.
    -5.27668335e+02 -6.61218506e+02 -3.39263281e+03 11635968.
    -6.22240722e-01 -7.79726684e-01 -6.95900694e-02 5.85925879e+03 0. 0.
    0. 1.</data></P>
<RT type_id="opencv-matrix">
  <rows>4</rows>
  <cols>4</cols>
  <dt>f</dt>
  <data>
    -7.81621575e-01 6.23752952e-01 2.56254490e-10 4.11345158e-03
    4.34070081e-02 5.43930978e-02 -9.97575700e-01 1.59612329e+03
    -6.22240722e-01 -7.79726684e-01 -6.95900694e-02 5.85925879e+03 0. 0.
    0. 1.</data></RT>
<IntrinsicCam type_id="opencv-matrix">
  <rows>3</rows>
  <cols>3</cols>
  <dt>f</dt>
  <data>
    3.32553760e+03 0. 1920. 0. 3.32553760e+03 1080. 0. 0. 1.</data></IntrinsicCam>
<DistortionCam type_id="opencv-matrix">
  <rows>1</rows>
  <cols>5</cols>
  <dt>d</dt>
  <data>
    0. 0. 0. 0. 0.</data></DistortionCam>
</opencv_storage>
