<?xml version="1.0"?>
<opencv_storage>
<P type_id="opencv-matrix">
  <rows>4</rows>
  <cols>4</cols>
  <dt>f</dt>
  <data>
    -3.74911670e+03 -8.19523438e+02 -1.34560669e+02 11173584.
    -2.55404633e+02 -8.04720215e+02 -3.39305103e+03 11592928.
    -3.01768452e-01 -9.50801790e-01 -7.00836852e-02 5.81958105e+03 0. 0.
    0. 1.</data></P>
<RT type_id="opencv-matrix">
  <rows>4</rows>
  <cols>4</cols>
  <dt>f</dt>
  <data>
    -9.53145504e-01 3.02512288e-01 6.53575083e-10 -3.58740496e-03
    2.12011766e-02 6.67999461e-02 -9.97541130e-01 1.59606689e+03
    -3.01768452e-01 -9.50801790e-01 -7.00836852e-02 5.81958105e+03 0. 0.
    0. 1.</data></RT>
<IntrinsicCam type_id="opencv-matrix">
  <rows>3</rows>
  <cols>3</cols>
  <dt>f</dt>
  <data>
    3.32553760e+03 0. 1920. 0. 3.32553760e+03 1080. 0. 0. 1.</data></IntrinsicCam>
<DistortionCam type_id="opencv-matrix">
  <rows>1</rows>
  <cols>5</cols>
  <dt>d</dt>
  <data>
    0. 0. 0. 0. 0.</data></DistortionCam>
</opencv_storage>
