<?xml version="1.0"?>
<opencv_storage>
<P type_id="opencv-matrix">
  <rows>4</rows>
  <cols>4</cols>
  <dt>f</dt>
  <data>
    -3.20115796e+03 -2.11655103e+03 -1.35643112e+02 11087930.
    5.19242325e+01 -8.40758789e+02 -3.39352759e+03 11544517.
    6.14873134e-02 -9.95604455e-01 -7.06474558e-02 5.77495654e+03 0. 0.
    0. 1.</data></P>
<RT type_id="opencv-matrix">
  <rows>4</rows>
  <cols>4</cols>
  <dt>f</dt>
  <data>
    -9.98098373e-01 -6.16413355e-02 3.41876749e-10 3.97599069e-03
    -4.35480382e-03 7.05131069e-02 -9.97501373e-01 1.59600183e+03
    6.14873134e-02 -9.95604455e-01 -7.06474558e-02 5.77495654e+03 0. 0.
    0. 1.</data></RT>
<IntrinsicCam type_id="opencv-matrix">
  <rows>3</rows>
  <cols>3</cols>
  <dt>f</dt>
  <data>
    3.32553760e+03 0. 1920. 0. 3.32553760e+03 1080. 0. 0. 1.</data></IntrinsicCam>
<DistortionCam type_id="opencv-matrix">
  <rows>1</rows>
  <cols>5</cols>
  <dt>d</dt>
  <data>
    0. 0. 0. 0. 0.</data></DistortionCam>
</opencv_storage>
