<?xml version="1.0"?>
<opencv_storage>
<P type_id="opencv-matrix">
  <rows>4</rows>
  <cols>4</cols>
  <dt>f</dt>
  <data>
    -9.11579956e+02 -3.72769092e+03 -1.37630249e+02 10934100.
    6.06678467e+02 -5.79303284e+02 -3.39439966e+03 11457602.
    7.21375227e-01 -6.88824654e-01 -7.16824234e-02 5.69483789e+03 0. 0.
    0. 1.</data></P>
<RT type_id="opencv-matrix">
  <rows>4</rows>
  <cols>4</cols>
  <dt>f</dt>
  <data>
    -6.90601230e-01 -7.23235726e-01 1.01109343e-09 3.20907426e-03
    -5.18432930e-02 4.95039709e-02 -9.97427523e-01 1.59588562e+03
    7.21375227e-01 -6.88824654e-01 -7.16824234e-02 5.69483789e+03 0. 0.
    0. 1.</data></RT>
<IntrinsicCam type_id="opencv-matrix">
  <rows>3</rows>
  <cols>3</cols>
  <dt>f</dt>
  <data>
    3.32553760e+03 0. 1920. 0. 3.32553760e+03 1080. 0. 0. 1.</data></IntrinsicCam>
<DistortionCam type_id="opencv-matrix">
  <rows>1</rows>
  <cols>5</cols>
  <dt>d</dt>
  <data>
    0. 0. 0. 0. 0.</data></DistortionCam>
</opencv_storage>
