<?xml version="1.0"?>
<opencv_storage>
<P type_id="opencv-matrix">
  <rows>4</rows>
  <cols>4</cols>
  <dt>f</dt>
  <data>
    2.99027441e+03 -2.40514917e+03 -1.38263306e+02 10886045.
    7.80738159e+02 3.03673615e+02 -3.39467676e+03 11430452.
    9.29563522e-01 3.61560315e-01 -7.20121413e-02 5.66981543e+03 0. 0.
    0. 1.</data></P>
<RT type_id="opencv-matrix">
  <rows>4</rows>
  <cols>4</cols>
  <dt>f</dt>
  <data>
    3.62501472e-01 -9.31983173e-01 1.38794021e-09 -3.57902754e-04
    -6.71140999e-02 -2.61045061e-02 -9.97403741e-01 1.59584766e+03
    9.29563522e-01 3.61560315e-01 -7.20121413e-02 5.66981543e+03 0. 0.
    0. 1.</data></RT>
<IntrinsicCam type_id="opencv-matrix">
  <rows>3</rows>
  <cols>3</cols>
  <dt>f</dt>
  <data>
    3.32553760e+03 0. 1920. 0. 3.32553760e+03 1080. 0. 0. 1.</data></IntrinsicCam>
<DistortionCam type_id="opencv-matrix">
  <rows>1</rows>
  <cols>5</cols>
  <dt>d</dt>
  <data>
    0. 0. 0. 0. 0.</data></DistortionCam>
</opencv_storage>
