<?xml version="1.0"?>
<opencv_storage>
<P type_id="opencv-matrix">
  <rows>4</rows>
  <cols>4</cols>
  <dt>f</dt>
  <data>
    3.82690161e+03 2.85870239e+02 -1.36756119e+02 11001277.
    3.63977783e+02 7.57477905e+02 -3.39401636e+03 11495548.
    4.32006568e-01 8.99053395e-01 -7.12271482e-02 5.72982080e+03 0. 0.
    0. 1.</data></P>
<RT type_id="opencv-matrix">
  <rows>4</rows>
  <cols>4</cols>
  <dt>f</dt>
  <data>
    9.01342690e-01 -4.33106601e-01 7.27406690e-10 6.24709902e-03
    -3.08489483e-02 -6.42000735e-02 -9.97460127e-01 1.59593469e+03
    4.32006568e-01 8.99053395e-01 -7.12271482e-02 5.72982080e+03 0. 0.
    0. 1.</data></RT>
<IntrinsicCam type_id="opencv-matrix">
  <rows>3</rows>
  <cols>3</cols>
  <dt>f</dt>
  <data>
    3.32553760e+03 0. 1920. 0. 3.32553760e+03 1080. 0. 0. 1.</data></IntrinsicCam>
<DistortionCam type_id="opencv-matrix">
  <rows>1</rows>
  <cols>5</cols>
  <dt>d</dt>
  <data>
    0. 0. 0. 0. 0.</data></DistortionCam>
</opencv_storage>
