<?xml version="1.0"?>
<opencv_storage>
<P type_id="opencv-matrix">
  <rows>4</rows>
  <cols>4</cols>
  <dt>f</dt>
  <data>
    -3.82363086e+03 8.47977295e+01 3.43883484e+02 11241678.
    -8.50730103e+02 -1.42328918e+03 -3.07832861e+03 11558263.
    -5.04760504e-01 -8.44474912e-01 1.79105967e-01 5.85504150e+03 0. 0.
    0. 1.</data></P>
<RT type_id="opencv-matrix">
  <rows>4</rows>
  <cols>4</cols>
  <dt>f</dt>
  <data>
    -8.58354688e-01 5.13056755e-01 7.10058323e-09 -6.37851190e-04
    -9.18915272e-02 -1.53736442e-01 -9.83829796e-01 1.57412683e+03
    -5.04760504e-01 -8.44474912e-01 1.79105967e-01 5.85504150e+03 0. 0.
    0. 1.</data></RT>
<IntrinsicCam type_id="opencv-matrix">
  <rows>3</rows>
  <cols>3</cols>
  <dt>f</dt>
  <data>
    3.32553760e+03 0. 1920. 0. 3.32553760e+03 1080. 0. 0. 1.</data></IntrinsicCam>
<DistortionCam type_id="opencv-matrix">
  <rows>1</rows>
  <cols>5</cols>
  <dt>d</dt>
  <data>
    0. 0. 0. 0. 0.</data></DistortionCam>
</opencv_storage>
