<?xml version="1.0"?>
<opencv_storage>
<P type_id="opencv-matrix">
  <rows>4</rows>
  <cols>4</cols>
  <dt>f</dt>
  <data>
    3.46105615e+03 1.65779395e+03 -1.35684906e+02 11084609.
    6.38016586e+01 8.39866760e+02 -3.39354590e+03 11542652.
    7.55587742e-02 9.94633973e-01 -7.06692189e-02 5.77323486e+03 0. 0.
    0. 1.</data></P>
<RT type_id="opencv-matrix">
  <rows>4</rows>
  <cols>4</cols>
  <dt>f</dt>
  <data>
    9.97126997e-01 -7.57481605e-02 -6.34612474e-10 -6.38878671e-04
    -5.35306428e-03 -7.04661831e-02 -9.97499824e-01 1.59600037e+03
    7.55587742e-02 9.94633973e-01 -7.06692189e-02 5.77323486e+03 0. 0.
    0. 1.</data></RT>
<IntrinsicCam type_id="opencv-matrix">
  <rows>3</rows>
  <cols>3</cols>
  <dt>f</dt>
  <data>
    3.32553760e+03 0. 1920. 0. 3.32553760e+03 1080. 0. 0. 1.</data></IntrinsicCam>
<DistortionCam type_id="opencv-matrix">
  <rows>1</rows>
  <cols>5</cols>
  <dt>d</dt>
  <data>
    0. 0. 0. 0. 0.</data></DistortionCam>
</opencv_storage>
