<?xml version="1.0"?>
<opencv_storage>
<P type_id="opencv-matrix">
  <rows>4</rows>
  <cols>4</cols>
  <dt>f</dt>
  <data>
    -3.06546826e+03 -2.20431567e+03 -6.99640381e+02 11130521.
    -2.67343292e+01 2.04327637e+02 -3.49043506e+03 11215932.
    1.20814763e-01 -9.23373878e-01 -3.64396036e-01 5.79713867e+03 0. 0.
    0. 1.</data></P>
<RT type_id="opencv-matrix">
  <rows>4</rows>
  <cols>4</cols>
  <dt>f</dt>
  <data>
    -9.91548717e-01 -1.29734799e-01 -6.65814182e-10 4.61241137e-03
    -4.72748466e-02 3.61316442e-01 -9.31244075e-01 1.48999146e+03
    1.20814763e-01 -9.23373878e-01 -3.64396036e-01 5.79713867e+03 0. 0.
    0. 1.</data></RT>
<IntrinsicCam type_id="opencv-matrix">
  <rows>3</rows>
  <cols>3</cols>
  <dt>f</dt>
  <data>
    3.32553760e+03 0. 1920. 0. 3.32553760e+03 1080. 0. 0. 1.</data></IntrinsicCam>
<DistortionCam type_id="opencv-matrix">
  <rows>1</rows>
  <cols>5</cols>
  <dt>d</dt>
  <data>
    0. 0. 0. 0. 0.</data></DistortionCam>
</opencv_storage>
