<?xml version="1.0"?>
<opencv_storage>
<P type_id="opencv-matrix">
  <rows>4</rows>
  <cols>4</cols>
  <dt>f</dt>
  <data>
    -1.85648364e+03 -3.28643994e+03 -7.05960449e+02 11051019.
    -1.16731323e+02 1.84603699e+02 -3.48968408e+03 11164318.
    4.97011185e-01 -7.85993397e-01 -3.67687732e-01 5.75572803e+03 0. 0.
    0. 1.</data></P>
<RT type_id="opencv-matrix">
  <rows>4</rows>
  <cols>4</cols>
  <dt>f</dt>
  <data>
    -8.45200241e-01 -5.34449756e-01 1.36487543e-09 6.21516583e-03
    -1.96510613e-01 3.10769767e-01 -9.29949284e-01 1.48791907e+03
    4.97011185e-01 -7.85993397e-01 -3.67687732e-01 5.75572803e+03 0. 0.
    0. 1.</data></RT>
<IntrinsicCam type_id="opencv-matrix">
  <rows>3</rows>
  <cols>3</cols>
  <dt>f</dt>
  <data>
    3.32553760e+03 0. 1920. 0. 3.32553760e+03 1080. 0. 0. 1.</data></IntrinsicCam>
<DistortionCam type_id="opencv-matrix">
  <rows>1</rows>
  <cols>5</cols>
  <dt>d</dt>
  <data>
    0. 0. 0. 0. 0.</data></DistortionCam>
</opencv_storage>
