<?xml version="1.0"?>
<opencv_storage>
<P type_id="opencv-matrix">
  <rows>4</rows>
  <cols>4</cols>
  <dt>f</dt>
  <data>
    -3.62398047e+03 -1.22170142e+03 3.46138184e+02 11161245.
    -3.16012329e+02 -1.63151050e+03 -3.07634692e+03 11511900.
    -1.87043145e-01 -9.65667605e-01 1.80280298e-01 5.81316504e+03 0. 0.
    0. 1.</data></P>
<RT type_id="opencv-matrix">
  <rows>4</rows>
  <cols>4</cols>
  <dt>f</dt>
  <data>
    -9.81753349e-01 1.90158844e-01 -9.47888878e-10 -9.47350264e-03
    -3.42818946e-02 -1.76990792e-01 -9.83615279e-01 1.57378516e+03
    -1.87043145e-01 -9.65667605e-01 1.80280298e-01 5.81316504e+03 0. 0.
    0. 1.</data></RT>
<IntrinsicCam type_id="opencv-matrix">
  <rows>3</rows>
  <cols>3</cols>
  <dt>f</dt>
  <data>
    3.32553760e+03 0. 1920. 0. 3.32553760e+03 1080. 0. 0. 1.</data></IntrinsicCam>
<DistortionCam type_id="opencv-matrix">
  <rows>1</rows>
  <cols>5</cols>
  <dt>d</dt>
  <data>
    0. 0. 0. 0. 0.</data></DistortionCam>
</opencv_storage>
