<?xml version="1.0"?>
<opencv_storage>
<P type_id="opencv-matrix">
  <rows>4</rows>
  <cols>4</cols>
  <dt>f</dt>
  <data>
    -1.97766699e+03 -3.27281006e+03 3.50924530e+02 10993841.
    8.16483398e+02 -1.45636816e+03 -3.07212427e+03 11415257.
    4.80784059e-01 -8.57578397e-01 1.82773188e-01 5.72595068e+03 0. 0.
    0. 1.</data></P>
<RT type_id="opencv-matrix">
  <rows>4</rows>
  <cols>4</cols>
  <dt>f</dt>
  <data>
    -8.72271717e-01 -4.89021569e-01 3.97670963e-09 4.84826323e-03
    8.93800333e-02 -1.59427881e-01 -9.83155131e-01 1.57304810e+03
    4.80784059e-01 -8.57578397e-01 1.82773188e-01 5.72595068e+03 0. 0.
    0. 1.</data></RT>
<IntrinsicCam type_id="opencv-matrix">
  <rows>3</rows>
  <cols>3</cols>
  <dt>f</dt>
  <data>
    3.32553760e+03 0. 1920. 0. 3.32553760e+03 1080. 0. 0. 1.</data></IntrinsicCam>
<DistortionCam type_id="opencv-matrix">
  <rows>1</rows>
  <cols>5</cols>
  <dt>d</dt>
  <data>
    0. 0. 0. 0. 0.</data></DistortionCam>
</opencv_storage>
