<?xml version="1.0"?>
<opencv_storage>
<P type_id="opencv-matrix">
  <rows>4</rows>
  <cols>4</cols>
  <dt>f</dt>
  <data>
    -7.18208008e+02 -3.75569775e+03 3.52862305e+02 10927293.
    1.27385413e+03 -1.08419897e+03 -3.07040845e+03 11376822.
    7.48548388e-01 -6.37102246e-01 1.83782429e-01 5.69128857e+03 0. 0.
    0. 1.</data></P>
<RT type_id="opencv-matrix">
  <rows>4</rows>
  <cols>4</cols>
  <dt>f</dt>
  <data>
    -6.48142099e-01 -7.61519432e-01 1.12046914e-08 5.60062192e-03
    1.39953882e-01 -1.19117141e-01 -9.82966959e-01 1.57274744e+03
    7.48548388e-01 -6.37102246e-01 1.83782429e-01 5.69128857e+03 0. 0.
    0. 1.</data></RT>
<IntrinsicCam type_id="opencv-matrix">
  <rows>3</rows>
  <cols>3</cols>
  <dt>f</dt>
  <data>
    3.32553760e+03 0. 1920. 0. 3.32553760e+03 1080. 0. 0. 1.</data></IntrinsicCam>
<DistortionCam type_id="opencv-matrix">
  <rows>1</rows>
  <cols>5</cols>
  <dt>d</dt>
  <data>
    0. 0. 0. 0. 0.</data></DistortionCam>
</opencv_storage>
