<?xml version="1.0"?>
<opencv_storage>
<P type_id="opencv-matrix">
  <rows>4</rows>
  <cols>4</cols>
  <dt>f</dt>
  <data>
    6.37097412e+02 -3.77018506e+03 3.54134644e+02 10883938.
    1.57403247e+03 -5.72313171e+02 -3.06928003e+03 11351774.
    9.23680961e-01 -3.35847408e-01 1.84445128e-01 5.66871240e+03 0. 0.
    0. 1.</data></P>
<RT type_id="opencv-matrix">
  <rows>4</rows>
  <cols>4</cols>
  <dt>f</dt>
  <data>
    -3.41710180e-01 -9.39805388e-01 3.68269637e-09 3.12651112e-03
    1.73342526e-01 -6.30267859e-02 -9.82842803e-01 1.57254688e+03
    9.23680961e-01 -3.35847408e-01 1.84445128e-01 5.66871240e+03 0. 0.
    0. 1.</data></RT>
<IntrinsicCam type_id="opencv-matrix">
  <rows>3</rows>
  <cols>3</cols>
  <dt>f</dt>
  <data>
    3.32553760e+03 0. 1920. 0. 3.32553760e+03 1080. 0. 0. 1.</data></IntrinsicCam>
<DistortionCam type_id="opencv-matrix">
  <rows>1</rows>
  <cols>5</cols>
  <dt>d</dt>
  <data>
    0. 0. 0. 0. 0.</data></DistortionCam>
</opencv_storage>
