<?xml version="1.0"?>
<opencv_storage>
<IntrinsicCam type_id="opencv-matrix">
  <rows>3</rows>
  <cols>3</cols>
  <dt>d</dt>
  <data>
    2.7420441729448603e+03 0. 1920. 0. 2.7420441729448603e+03 1080. 0.
    0. 1.</data></IntrinsicCam>
<DistortionCam type_id="opencv-matrix">
  <rows>1</rows>
  <cols>5</cols>
  <dt>d</dt>
  <data>
    0. 0. 0. 0. 0.</data></DistortionCam>
<transR type_id="opencv-matrix">
  <rows>3</rows>
  <cols>3</cols>
  <dt>d</dt>
  <data>
    9.9999999998258826e-01 5.9008219612674784e-06
    -6.3277860212468276e-08 5.8983397474211585e-06
    -9.9913286215117625e-01 4.1635606574284577e-02
    1.8246131187654323e-07 -4.1635606573932969e-02
    -9.9913286216858455e-01</data></transR>
<transT type_id="opencv-matrix">
  <rows>3</rows>
  <cols>1</cols>
  <dt>d</dt>
  <data>
    -5.4776916452102997e-04 -1.5211953956692503e-02
    3.0026030373274953e+03</data></transT>
<transProjection type_id="opencv-matrix">
  <rows>4</rows>
  <cols>4</cols>
  <dt>d</dt>
  <data>
    2.7420445232228353e+03 -7.9924184307476821e+01
    -1.9183352688743701e+03 5.7649963296615444e+06
    1.6370566351291915e-02 -2.7846328977592011e+03
    -9.6489681874802966e+02 3.2427695684639886e+06
    1.8246131187654323e-07 -4.1635606573932969e-02
    -9.9913286216858455e-01 3.0026030373274953e+03 0. 0. 0. 1.</data></transProjection>
</opencv_storage>
