<?xml version="1.0"?>
<opencv_storage>
<IntrinsicCam type_id="opencv-matrix">
  <rows>3</rows>
  <cols>3</cols>
  <dt>d</dt>
  <data>
    2.7420441729448603e+03 0. 1920. 0. 2.7420441729448603e+03 1080. 0.
    0. 1.</data></IntrinsicCam>
<DistortionCam type_id="opencv-matrix">
  <rows>1</rows>
  <cols>5</cols>
  <dt>d</dt>
  <data>
    0. 0. 0. 0. 0.</data></DistortionCam>
<transR type_id="opencv-matrix">
  <rows>3</rows>
  <cols>3</cols>
  <dt>d</dt>
  <data>
    -8.5009169521824202e-01 5.2663470235161636e-01
    -6.0770284360245341e-09 3.8191917817335297e-01
    6.1649246497469978e-01 6.8853088672390683e-01 3.6260426233618137e-01
    5.8531438638431144e-01 -7.2520701735931281e-01</data></transR>
<transT type_id="opencv-matrix">
  <rows>3</rows>
  <cols>1</cols>
  <dt>d</dt>
  <data>
    2.0424062781158655e-03 -6.4488489592839926e-04
    2.9251231067113772e+03</data></transT>
<transProjection type_id="opencv-matrix">
  <rows>4</rows>
  <cols>4</cols>
  <dt>d</dt>
  <data>
    -1.6347887956565305e+03 2.5678592387116787e+03
    -1.3923974899933610e+03 5.6162419652540777e+06
    1.4388518603692082e+03 2.3225891085433454e+03 1.1047585270857885e+03
    3.1591311869454165e+06 3.6260426233618137e-01 5.8531438638431144e-01
    -7.2520701735931281e-01 2.9251231067113772e+03 0. 0. 0. 1.</data></transProjection>
</opencv_storage>
