<?xml version="1.0"?>
<opencv_storage>
<IntrinsicCam type_id="opencv-matrix">
  <rows>3</rows>
  <cols>3</cols>
  <dt>d</dt>
  <data>
    2.7420441729448603e+03 0. 1920. 0. 2.7420441729448603e+03 1080. 0.
    0. 1.</data></IntrinsicCam>
<DistortionCam type_id="opencv-matrix">
  <rows>1</rows>
  <cols>5</cols>
  <dt>d</dt>
  <data>
    0. 0. 0. 0. 0.</data></DistortionCam>
<transR type_id="opencv-matrix">
  <rows>3</rows>
  <cols>3</cols>
  <dt>d</dt>
  <data>
    -9.8346945910086048e-01 1.8107408156845997e-01 0. 0. 0. 1.
    1.8107408156845997e-01 9.8346945910086048e-01 0.</data></transR>
<transT type_id="opencv-matrix">
  <rows>3</rows>
  <cols>1</cols>
  <dt>d</dt>
  <data>
    2.1645680671200651e-03 0. 2.8769808467696002e+03</data></transT>
<transProjection type_id="opencv-matrix">
  <rows>4</rows>
  <cols>4</cols>
  <dt>d</dt>
  <data>
    -2.3490544629853052e+03 2.3847744917097903e+03 0.
    5.5238091611388884e+06 1.9556000809393677e+02 1.0621470158289294e+03
    2.7420441729448603e+03 3.1071393145111683e+06 1.8107408156845997e-01
    9.8346945910086048e-01 0. 2.8769808467696002e+03 0. 0. 0. 1.</data></transProjection>
</opencv_storage>
