<?xml version="1.0"?>
<opencv_storage>
<IntrinsicCam type_id="opencv-matrix">
  <rows>3</rows>
  <cols>3</cols>
  <dt>d</dt>
  <data>
    2.7420441729448603e+03 0. 1920. 0. 2.7420441729448603e+03 1080. 0.
    0. 1.</data></IntrinsicCam>
<DistortionCam type_id="opencv-matrix">
  <rows>1</rows>
  <cols>5</cols>
  <dt>d</dt>
  <data>
    0. 0. 0. 0. 0.</data></DistortionCam>
<transR type_id="opencv-matrix">
  <rows>3</rows>
  <cols>3</cols>
  <dt>d</dt>
  <data>
    3.7801359905132614e-01 -9.2580004262921856e-01 0. 0. 0. 1.
    -9.2580004262921856e-01 -3.7801359905132614e-01 0.</data></transR>
<transT type_id="opencv-matrix">
  <rows>3</rows>
  <cols>1</cols>
  <dt>d</dt>
  <data>
    2.3469626302397018e-03 0. 3.0450191466563138e+03</data></transT>
<transProjection type_id="opencv-matrix">
  <rows>4</rows>
  <cols>4</cols>
  <dt>d</dt>
  <data>
    -7.4100609527549614e+02 -3.2643707223820979e+03 0.
    5.8464431970553268e+06 -9.9986404603955600e+02
    -4.0825468697543221e+02 2.7420441729448603e+03
    3.2886206783888186e+06 -9.2580004262921856e-01
    -3.7801359905132614e-01 0. 3.0450191466563138e+03 0. 0. 0. 1.</data></transProjection>
</opencv_storage>
