<?xml version="1.0"?>
<opencv_storage>
<IntrinsicCam type_id="opencv-matrix">
  <rows>3</rows>
  <cols>3</cols>
  <dt>d</dt>
  <data>
    2.7420441729448603e+03 0. 1920. 0. 2.7420441729448603e+03 1080. 0.
    0. 1.</data></IntrinsicCam>
<DistortionCam type_id="opencv-matrix">
  <rows>1</rows>
  <cols>5</cols>
  <dt>d</dt>
  <data>
    0. 0. 0. 0. 0.</data></DistortionCam>
<transR type_id="opencv-matrix">
  <rows>3</rows>
  <cols>3</cols>
  <dt>d</dt>
  <data>
    8.7969604698251314e-01 4.7553639705425288e-01 8.8469708225957788e-09
    -3.2771976783413470e-01 6.0624965755925531e-01
    7.2461100355985941e-01 3.4457890053524881e-01
    -6.3743743833096733e-01 6.8915810487867979e-01</data></transR>
<transT type_id="opencv-matrix">
  <rows>3</rows>
  <cols>1</cols>
  <dt>d</dt>
  <data>
    3.3862977336658725e-04 -2.4591816827346236e-04
    3.0781331755774595e+03</data></transT>
<transProjection type_id="opencv-matrix">
  <rows>4</rows>
  <cols>4</cols>
  <dt>d</dt>
  <data>
    3.0737569086187059e+03 8.0061924970350219e+01 1.3231835856258501e+03
    5.9100166256465195e+06 -5.2647686717036277e+02
    9.7393090746272821e+02 2.7312061332320141e+03 3.3243831553051760e+06
    3.4457890053524881e-01 -6.3743743833096733e-01
    6.8915810487867979e-01 3.0781331755774595e+03 0. 0. 0. 1.</data></transProjection>
</opencv_storage>
