<?xml version="1.0"?>
<opencv_storage>
<IntrinsicCam type_id="opencv-matrix">
  <rows>3</rows>
  <cols>3</cols>
  <dt>d</dt>
  <data>
    2.7420441729448603e+03 0. 1920. 0. 2.7420441729448603e+03 1080. 0.
    0. 1.</data></IntrinsicCam>
<DistortionCam type_id="opencv-matrix">
  <rows>1</rows>
  <cols>5</cols>
  <dt>d</dt>
  <data>
    0. 0. 0. 0. 0.</data></DistortionCam>
<transR type_id="opencv-matrix">
  <rows>3</rows>
  <cols>3</cols>
  <dt>d</dt>
  <data>
    4.1630750339873519e-02 9.9913306452451023e-01 0. 0. 0. 1.
    9.9913306452451023e-01 -4.1630750339873519e-02 0.</data></transR>
<transT type_id="opencv-matrix">
  <rows>3</rows>
  <cols>1</cols>
  <dt>d</dt>
  <data>
    6.1795405678632953e-04 0. 3.0026030373660151e+03</data></transT>
<transProjection type_id="opencv-matrix">
  <rows>4</rows>
  <cols>4</cols>
  <dt>d</dt>
  <data>
    2.0324888402718320e+03 2.6597359569234168e+03 0.
    5.7649995262000691e+06 1.0790637096864712e+03
    -4.4961210367063401e+01 2.7420441729448603e+03
    3.2428112803552961e+06 9.9913306452451023e-01
    -4.1630750339873519e-02 0. 3.0026030373660151e+03 0. 0. 0. 1.</data></transProjection>
</opencv_storage>
