<?xml version="1.0"?>
<opencv_storage>
<IntrinsicCam type_id="opencv-matrix">
  <rows>3</rows>
  <cols>3</cols>
  <dt>d</dt>
  <data>
    2.7420441729448603e+03 0. 1920. 0. 2.7420441729448603e+03 1080. 0.
    0. 1.</data></IntrinsicCam>
<DistortionCam type_id="opencv-matrix">
  <rows>1</rows>
  <cols>5</cols>
  <dt>d</dt>
  <data>
    0. 0. 0. 0. 0.</data></DistortionCam>
<transR type_id="opencv-matrix">
  <rows>3</rows>
  <cols>3</cols>
  <dt>d</dt>
  <data>
    8.7969627598558042e-01 -4.7553597342062498e-01
    1.2894279810549136e-08 3.2771943091121319e-01 6.0624976531279573e-01
    7.2461106578730239e-01 -3.4457863633767571e-01
    -6.3743765188532631e-01 6.8915803945001564e-01</data></transR>
<transT type_id="opencv-matrix">
  <rows>3</rows>
  <cols>1</cols>
  <dt>d</dt>
  <data>
    -1.3666229160501505e-03 3.2021786555702647e-05
    3.0781331755771839e+03</data></transT>
<transProjection type_id="opencv-matrix">
  <rows>4</rows>
  <cols>4</cols>
  <dt>d</dt>
  <data>
    1.7505750657592171e+03 -2.5278209365635130e+03
    1.3231834711007148e+03 5.9100119497677898e+06 5.2647622864620803e+02
    9.7393097228898807e+02 2.7312062331994539e+03 3.3243839174285121e+06
    -3.4457863633767571e-01 -6.3743765188532631e-01
    6.8915803945001564e-01 3.0781331755771839e+03 0. 0. 0. 1.</data></transProjection>
</opencv_storage>
