<?xml version="1.0"?>
<opencv_storage>
<IntrinsicCam type_id="opencv-matrix">
  <rows>3</rows>
  <cols>3</cols>
  <dt>d</dt>
  <data>
    2.7420441729448603e+03 0. 1920. 0. 2.7420441729448603e+03 1080. 0.
    0. 1.</data></IntrinsicCam>
<DistortionCam type_id="opencv-matrix">
  <rows>1</rows>
  <cols>5</cols>
  <dt>d</dt>
  <data>
    0. 0. 0. 0. 0.</data></DistortionCam>
<transR type_id="opencv-matrix">
  <rows>3</rows>
  <cols>3</cols>
  <dt>d</dt>
  <data>
    -6.1733085707819346e-01 7.8670363727334036e-01 0. 0. 0. 1.
    7.8670363727334036e-01 6.1733085707819346e-01 0.</data></transR>
<transT type_id="opencv-matrix">
  <rows>3</rows>
  <cols>1</cols>
  <dt>d</dt>
  <data>
    3.4655715293041567e-03 0. 2.9212214152586330e+03</data></transT>
<transProjection type_id="opencv-matrix">
  <rows>4</rows>
  <cols>4</cols>
  <dt>d</dt>
  <data>
    -1.8227749586550340e+02 3.3424513700100215e+03 0.
    5.6087546200467935e+06 8.4963992825520756e+02 6.6671732564444892e+02
    2.7420441729448603e+03 3.1549191284793238e+06 7.8670363727334036e-01
    6.1733085707819346e-01 0. 2.9212214152586330e+03 0. 0. 0. 1.</data></transProjection>
</opencv_storage>
