<?xml version="1.0"?>
<opencv_storage>
<IntrinsicCam type_id="opencv-matrix">
  <rows>3</rows>
  <cols>3</cols>
  <dt>d</dt>
  <data>
    2.7420441729448603e+03 0. 1920. 0. 2.7420441729448603e+03 1080. 0.
    0. 1.</data></IntrinsicCam>
<DistortionCam type_id="opencv-matrix">
  <rows>1</rows>
  <cols>5</cols>
  <dt>d</dt>
  <data>
    0. 0. 0. 0. 0.</data></DistortionCam>
<transR type_id="opencv-matrix">
  <rows>3</rows>
  <cols>3</cols>
  <dt>d</dt>
  <data>
    9.8599060324477150e-01 1.6680087024057147e-01 0. 0. 0. 1.
    1.6680087024057147e-01 -9.8599060324477150e-01 0.</data></transR>
<transT type_id="opencv-matrix">
  <rows>3</rows>
  <cols>1</cols>
  <dt>d</dt>
  <data>
    -4.0507476913864693e-03 0. 3.1231763298361830e+03</data></transT>
<transProjection type_id="opencv-matrix">
  <rows>4</rows>
  <cols>4</cols>
  <dt>d</dt>
  <data>
    3.0238874590676105e+03 -1.4357266039446706e+03 0.
    5.9964874459563680e+06 1.8014493985981719e+02
    -1.0648698515043532e+03 2.7420441729448603e+03
    3.3730304362230776e+06 1.6680087024057147e-01
    -9.8599060324477150e-01 0. 3.1231763298361830e+03 0. 0. 0. 1.</data></transProjection>
</opencv_storage>
